[TrajectoryPredictionSettings]
minsamples = 3
mintimedifference = 0.04

[CameraSettings]
baseline = 18.1
focallength = 3
fieldofview = 60
leftid = 0
rightid = 1

[HSVRange]
lowhsvrange = (18, 133, 125)
highhsvrange = (70, 255, 255)

[CoordCalibration]
pos1 = (0, 0, 0)
pos2 = (100, 0, 0)
pos3 = (100, 100, 0)
pos4 = (0, 100, 100)

[AffineTransformationMatrix]
matrix = [[ 3.57264654e-01 -1.64377208e-01  3.59638234e+00 -1.34205738e+02]
	 [ 3.87411843e-02 -2.85102378e-01  2.33729385e+00  4.86390113e+01]
	 [-4.16604144e-01  2.48953033e-01 -1.17538571e+01  5.07241055e+02]]

